image: map_lippitt_4_4_2023.pgm
resolution: 0.050000
origin: [-23.336391, -12.909036, 0.000000]
negate: 0
occupied_thresh: 0.65
free_thresh: 0.196

