image: map_lippitt_2022.pgm
resolution: 0.050000
origin: [-10.586108, -5.247021, 0.000000]
negate: 0
occupied_thresh: 0.65
free_thresh: 0.196

