image: map_lippitt_3_28_2024.pgm
resolution: 0.050000
origin: [-9.237137, -7.841997, 0.000000]
negate: 0
occupied_thresh: 0.65
free_thresh: 0.196

