image: map_horn_04_13_2023.pgm
resolution: 0.050000
origin: [-5.200000, -23.200000, 0.000000]
negate: 0
occupied_thresh: 0.65
free_thresh: 0.196

